{
 "cells": [
  {
   "cell_type": "markdown",
   "metadata": {},
   "source": [
    "# Concatenar y apendizar data sets"
   ]
  },
  {
   "cell_type": "code",
   "execution_count": 1,
   "metadata": {},
   "outputs": [],
   "source": [
    "import pandas as pd"
   ]
  },
  {
   "cell_type": "code",
   "execution_count": 2,
   "metadata": {},
   "outputs": [],
   "source": [
    "red_wine = pd.read_csv(\"/Users/nuelcodes/Data-Science-Python/datasets/wine/winequality-red.csv\", sep=\";\")\n",
    "white_wine = pd.read_csv(\"/Users/nuelcodes/Data-Science-Python/datasets/wine/winequality-white.csv\", sep=\";\")"
   ]
  },
  {
   "cell_type": "code",
   "execution_count": 3,
   "metadata": {},
   "outputs": [
    {
     "output_type": "execute_result",
     "data": {
      "text/plain": "   fixed acidity  volatile acidity  citric acid  residual sugar  chlorides  \\\n0            7.4              0.70         0.00             1.9      0.076   \n1            7.8              0.88         0.00             2.6      0.098   \n2            7.8              0.76         0.04             2.3      0.092   \n3           11.2              0.28         0.56             1.9      0.075   \n4            7.4              0.70         0.00             1.9      0.076   \n\n   free sulfur dioxide  total sulfur dioxide  density    pH  sulphates  \\\n0                 11.0                  34.0   0.9978  3.51       0.56   \n1                 25.0                  67.0   0.9968  3.20       0.68   \n2                 15.0                  54.0   0.9970  3.26       0.65   \n3                 17.0                  60.0   0.9980  3.16       0.58   \n4                 11.0                  34.0   0.9978  3.51       0.56   \n\n   alcohol  quality  \n0      9.4        5  \n1      9.8        5  \n2      9.8        5  \n3      9.8        6  \n4      9.4        5  ",
      "text/html": "<div>\n<style scoped>\n    .dataframe tbody tr th:only-of-type {\n        vertical-align: middle;\n    }\n\n    .dataframe tbody tr th {\n        vertical-align: top;\n    }\n\n    .dataframe thead th {\n        text-align: right;\n    }\n</style>\n<table border=\"1\" class=\"dataframe\">\n  <thead>\n    <tr style=\"text-align: right;\">\n      <th></th>\n      <th>fixed acidity</th>\n      <th>volatile acidity</th>\n      <th>citric acid</th>\n      <th>residual sugar</th>\n      <th>chlorides</th>\n      <th>free sulfur dioxide</th>\n      <th>total sulfur dioxide</th>\n      <th>density</th>\n      <th>pH</th>\n      <th>sulphates</th>\n      <th>alcohol</th>\n      <th>quality</th>\n    </tr>\n  </thead>\n  <tbody>\n    <tr>\n      <td>0</td>\n      <td>7.4</td>\n      <td>0.70</td>\n      <td>0.00</td>\n      <td>1.9</td>\n      <td>0.076</td>\n      <td>11.0</td>\n      <td>34.0</td>\n      <td>0.9978</td>\n      <td>3.51</td>\n      <td>0.56</td>\n      <td>9.4</td>\n      <td>5</td>\n    </tr>\n    <tr>\n      <td>1</td>\n      <td>7.8</td>\n      <td>0.88</td>\n      <td>0.00</td>\n      <td>2.6</td>\n      <td>0.098</td>\n      <td>25.0</td>\n      <td>67.0</td>\n      <td>0.9968</td>\n      <td>3.20</td>\n      <td>0.68</td>\n      <td>9.8</td>\n      <td>5</td>\n    </tr>\n    <tr>\n      <td>2</td>\n      <td>7.8</td>\n      <td>0.76</td>\n      <td>0.04</td>\n      <td>2.3</td>\n      <td>0.092</td>\n      <td>15.0</td>\n      <td>54.0</td>\n      <td>0.9970</td>\n      <td>3.26</td>\n      <td>0.65</td>\n      <td>9.8</td>\n      <td>5</td>\n    </tr>\n    <tr>\n      <td>3</td>\n      <td>11.2</td>\n      <td>0.28</td>\n      <td>0.56</td>\n      <td>1.9</td>\n      <td>0.075</td>\n      <td>17.0</td>\n      <td>60.0</td>\n      <td>0.9980</td>\n      <td>3.16</td>\n      <td>0.58</td>\n      <td>9.8</td>\n      <td>6</td>\n    </tr>\n    <tr>\n      <td>4</td>\n      <td>7.4</td>\n      <td>0.70</td>\n      <td>0.00</td>\n      <td>1.9</td>\n      <td>0.076</td>\n      <td>11.0</td>\n      <td>34.0</td>\n      <td>0.9978</td>\n      <td>3.51</td>\n      <td>0.56</td>\n      <td>9.4</td>\n      <td>5</td>\n    </tr>\n  </tbody>\n</table>\n</div>"
     },
     "metadata": {},
     "execution_count": 3
    }
   ],
   "source": [
    "red_wine.head()"
   ]
  },
  {
   "cell_type": "code",
   "execution_count": 4,
   "metadata": {},
   "outputs": [
    {
     "output_type": "execute_result",
     "data": {
      "text/plain": "   fixed acidity  volatile acidity  citric acid  residual sugar  chlorides  \\\n0            7.0              0.27         0.36            20.7      0.045   \n1            6.3              0.30         0.34             1.6      0.049   \n2            8.1              0.28         0.40             6.9      0.050   \n3            7.2              0.23         0.32             8.5      0.058   \n4            7.2              0.23         0.32             8.5      0.058   \n\n   free sulfur dioxide  total sulfur dioxide  density    pH  sulphates  \\\n0                 45.0                 170.0   1.0010  3.00       0.45   \n1                 14.0                 132.0   0.9940  3.30       0.49   \n2                 30.0                  97.0   0.9951  3.26       0.44   \n3                 47.0                 186.0   0.9956  3.19       0.40   \n4                 47.0                 186.0   0.9956  3.19       0.40   \n\n   alcohol  quality  \n0      8.8        6  \n1      9.5        6  \n2     10.1        6  \n3      9.9        6  \n4      9.9        6  ",
      "text/html": "<div>\n<style scoped>\n    .dataframe tbody tr th:only-of-type {\n        vertical-align: middle;\n    }\n\n    .dataframe tbody tr th {\n        vertical-align: top;\n    }\n\n    .dataframe thead th {\n        text-align: right;\n    }\n</style>\n<table border=\"1\" class=\"dataframe\">\n  <thead>\n    <tr style=\"text-align: right;\">\n      <th></th>\n      <th>fixed acidity</th>\n      <th>volatile acidity</th>\n      <th>citric acid</th>\n      <th>residual sugar</th>\n      <th>chlorides</th>\n      <th>free sulfur dioxide</th>\n      <th>total sulfur dioxide</th>\n      <th>density</th>\n      <th>pH</th>\n      <th>sulphates</th>\n      <th>alcohol</th>\n      <th>quality</th>\n    </tr>\n  </thead>\n  <tbody>\n    <tr>\n      <td>0</td>\n      <td>7.0</td>\n      <td>0.27</td>\n      <td>0.36</td>\n      <td>20.7</td>\n      <td>0.045</td>\n      <td>45.0</td>\n      <td>170.0</td>\n      <td>1.0010</td>\n      <td>3.00</td>\n      <td>0.45</td>\n      <td>8.8</td>\n      <td>6</td>\n    </tr>\n    <tr>\n      <td>1</td>\n      <td>6.3</td>\n      <td>0.30</td>\n      <td>0.34</td>\n      <td>1.6</td>\n      <td>0.049</td>\n      <td>14.0</td>\n      <td>132.0</td>\n      <td>0.9940</td>\n      <td>3.30</td>\n      <td>0.49</td>\n      <td>9.5</td>\n      <td>6</td>\n    </tr>\n    <tr>\n      <td>2</td>\n      <td>8.1</td>\n      <td>0.28</td>\n      <td>0.40</td>\n      <td>6.9</td>\n      <td>0.050</td>\n      <td>30.0</td>\n      <td>97.0</td>\n      <td>0.9951</td>\n      <td>3.26</td>\n      <td>0.44</td>\n      <td>10.1</td>\n      <td>6</td>\n    </tr>\n    <tr>\n      <td>3</td>\n      <td>7.2</td>\n      <td>0.23</td>\n      <td>0.32</td>\n      <td>8.5</td>\n      <td>0.058</td>\n      <td>47.0</td>\n      <td>186.0</td>\n      <td>0.9956</td>\n      <td>3.19</td>\n      <td>0.40</td>\n      <td>9.9</td>\n      <td>6</td>\n    </tr>\n    <tr>\n      <td>4</td>\n      <td>7.2</td>\n      <td>0.23</td>\n      <td>0.32</td>\n      <td>8.5</td>\n      <td>0.058</td>\n      <td>47.0</td>\n      <td>186.0</td>\n      <td>0.9956</td>\n      <td>3.19</td>\n      <td>0.40</td>\n      <td>9.9</td>\n      <td>6</td>\n    </tr>\n  </tbody>\n</table>\n</div>"
     },
     "metadata": {},
     "execution_count": 4
    }
   ],
   "source": [
    "white_wine.head()"
   ]
  },
  {
   "cell_type": "code",
   "execution_count": 5,
   "metadata": {},
   "outputs": [
    {
     "output_type": "execute_result",
     "data": {
      "text/plain": "array(['fixed acidity', 'volatile acidity', 'citric acid',\n       'residual sugar', 'chlorides', 'free sulfur dioxide',\n       'total sulfur dioxide', 'density', 'pH', 'sulphates', 'alcohol',\n       'quality'], dtype=object)"
     },
     "metadata": {},
     "execution_count": 5
    }
   ],
   "source": [
    "red_wine.columns.values"
   ]
  },
  {
   "cell_type": "code",
   "execution_count": 6,
   "metadata": {},
   "outputs": [
    {
     "output_type": "execute_result",
     "data": {
      "text/plain": "(1599, 12)"
     },
     "metadata": {},
     "execution_count": 6
    }
   ],
   "source": [
    "red_wine.shape"
   ]
  },
  {
   "cell_type": "code",
   "execution_count": 7,
   "metadata": {},
   "outputs": [
    {
     "output_type": "execute_result",
     "data": {
      "text/plain": "array(['fixed acidity', 'volatile acidity', 'citric acid',\n       'residual sugar', 'chlorides', 'free sulfur dioxide',\n       'total sulfur dioxide', 'density', 'pH', 'sulphates', 'alcohol',\n       'quality'], dtype=object)"
     },
     "metadata": {},
     "execution_count": 7
    }
   ],
   "source": [
    "white_wine.columns.values"
   ]
  },
  {
   "cell_type": "code",
   "execution_count": 8,
   "metadata": {},
   "outputs": [
    {
     "output_type": "execute_result",
     "data": {
      "text/plain": "(4898, 12)"
     },
     "metadata": {},
     "execution_count": 8
    }
   ],
   "source": [
    "white_wine.shape"
   ]
  },
  {
   "cell_type": "markdown",
   "metadata": {},
   "source": [
    "En python tenemos dos tipos de ejes\n",
    "\n",
    "* axis = 0 denota el eje horizontal\n",
    "* axis = 1 denota el eje vertical"
   ]
  },
  {
   "cell_type": "code",
   "execution_count": 9,
   "metadata": {},
   "outputs": [],
   "source": [
    "wine_data = pd.concat([red_wine, white_wine], axis= 0)"
   ]
  },
  {
   "cell_type": "code",
   "execution_count": 10,
   "metadata": {},
   "outputs": [
    {
     "output_type": "execute_result",
     "data": {
      "text/plain": "(6497, 12)"
     },
     "metadata": {},
     "execution_count": 10
    }
   ],
   "source": [
    "wine_data.shape"
   ]
  },
  {
   "cell_type": "code",
   "execution_count": 11,
   "metadata": {},
   "outputs": [
    {
     "output_type": "execute_result",
     "data": {
      "text/plain": "   fixed acidity  volatile acidity  citric acid  residual sugar  chlorides  \\\n0            7.4              0.70         0.00             1.9      0.076   \n1            7.8              0.88         0.00             2.6      0.098   \n2            7.8              0.76         0.04             2.3      0.092   \n3           11.2              0.28         0.56             1.9      0.075   \n4            7.4              0.70         0.00             1.9      0.076   \n\n   free sulfur dioxide  total sulfur dioxide  density    pH  sulphates  \\\n0                 11.0                  34.0   0.9978  3.51       0.56   \n1                 25.0                  67.0   0.9968  3.20       0.68   \n2                 15.0                  54.0   0.9970  3.26       0.65   \n3                 17.0                  60.0   0.9980  3.16       0.58   \n4                 11.0                  34.0   0.9978  3.51       0.56   \n\n   alcohol  quality  \n0      9.4        5  \n1      9.8        5  \n2      9.8        5  \n3      9.8        6  \n4      9.4        5  ",
      "text/html": "<div>\n<style scoped>\n    .dataframe tbody tr th:only-of-type {\n        vertical-align: middle;\n    }\n\n    .dataframe tbody tr th {\n        vertical-align: top;\n    }\n\n    .dataframe thead th {\n        text-align: right;\n    }\n</style>\n<table border=\"1\" class=\"dataframe\">\n  <thead>\n    <tr style=\"text-align: right;\">\n      <th></th>\n      <th>fixed acidity</th>\n      <th>volatile acidity</th>\n      <th>citric acid</th>\n      <th>residual sugar</th>\n      <th>chlorides</th>\n      <th>free sulfur dioxide</th>\n      <th>total sulfur dioxide</th>\n      <th>density</th>\n      <th>pH</th>\n      <th>sulphates</th>\n      <th>alcohol</th>\n      <th>quality</th>\n    </tr>\n  </thead>\n  <tbody>\n    <tr>\n      <td>0</td>\n      <td>7.4</td>\n      <td>0.70</td>\n      <td>0.00</td>\n      <td>1.9</td>\n      <td>0.076</td>\n      <td>11.0</td>\n      <td>34.0</td>\n      <td>0.9978</td>\n      <td>3.51</td>\n      <td>0.56</td>\n      <td>9.4</td>\n      <td>5</td>\n    </tr>\n    <tr>\n      <td>1</td>\n      <td>7.8</td>\n      <td>0.88</td>\n      <td>0.00</td>\n      <td>2.6</td>\n      <td>0.098</td>\n      <td>25.0</td>\n      <td>67.0</td>\n      <td>0.9968</td>\n      <td>3.20</td>\n      <td>0.68</td>\n      <td>9.8</td>\n      <td>5</td>\n    </tr>\n    <tr>\n      <td>2</td>\n      <td>7.8</td>\n      <td>0.76</td>\n      <td>0.04</td>\n      <td>2.3</td>\n      <td>0.092</td>\n      <td>15.0</td>\n      <td>54.0</td>\n      <td>0.9970</td>\n      <td>3.26</td>\n      <td>0.65</td>\n      <td>9.8</td>\n      <td>5</td>\n    </tr>\n    <tr>\n      <td>3</td>\n      <td>11.2</td>\n      <td>0.28</td>\n      <td>0.56</td>\n      <td>1.9</td>\n      <td>0.075</td>\n      <td>17.0</td>\n      <td>60.0</td>\n      <td>0.9980</td>\n      <td>3.16</td>\n      <td>0.58</td>\n      <td>9.8</td>\n      <td>6</td>\n    </tr>\n    <tr>\n      <td>4</td>\n      <td>7.4</td>\n      <td>0.70</td>\n      <td>0.00</td>\n      <td>1.9</td>\n      <td>0.076</td>\n      <td>11.0</td>\n      <td>34.0</td>\n      <td>0.9978</td>\n      <td>3.51</td>\n      <td>0.56</td>\n      <td>9.4</td>\n      <td>5</td>\n    </tr>\n  </tbody>\n</table>\n</div>"
     },
     "metadata": {},
     "execution_count": 11
    }
   ],
   "source": [
    "wine_data.head()"
   ]
  },
  {
   "cell_type": "code",
   "execution_count": 12,
   "metadata": {},
   "outputs": [],
   "source": [
    "# Scramble\n",
    "data1 = wine_data.head(10)\n",
    "data2 = wine_data[300:310]\n",
    "data3 = wine_data.tail(10)"
   ]
  },
  {
   "cell_type": "code",
   "execution_count": 13,
   "metadata": {},
   "outputs": [
    {
     "output_type": "execute_result",
     "data": {
      "text/plain": "      fixed acidity  volatile acidity  citric acid  residual sugar  chlorides  \\\n0               7.4             0.700         0.00            1.90      0.076   \n1               7.8             0.880         0.00            2.60      0.098   \n2               7.8             0.760         0.04            2.30      0.092   \n3              11.2             0.280         0.56            1.90      0.075   \n4               7.4             0.700         0.00            1.90      0.076   \n5               7.4             0.660         0.00            1.80      0.075   \n6               7.9             0.600         0.06            1.60      0.069   \n7               7.3             0.650         0.00            1.20      0.065   \n8               7.8             0.580         0.02            2.00      0.073   \n9               7.5             0.500         0.36            6.10      0.071   \n300             7.5             0.530         0.06            2.60      0.086   \n301            11.1             0.180         0.48            1.50      0.068   \n302             8.3             0.705         0.12            2.60      0.092   \n303             7.4             0.670         0.12            1.60      0.186   \n304             8.4             0.650         0.60            2.10      0.112   \n305            10.3             0.530         0.48            2.50      0.063   \n306             7.6             0.620         0.32            2.20      0.082   \n307            10.3             0.410         0.42            2.40      0.213   \n308            10.3             0.430         0.44            2.40      0.214   \n309             7.4             0.290         0.38            1.70      0.062   \n4888            6.8             0.220         0.36            1.20      0.052   \n4889            4.9             0.235         0.27           11.75      0.030   \n4890            6.1             0.340         0.29            2.20      0.036   \n4891            5.7             0.210         0.32            0.90      0.038   \n4892            6.5             0.230         0.38            1.30      0.032   \n4893            6.2             0.210         0.29            1.60      0.039   \n4894            6.6             0.320         0.36            8.00      0.047   \n4895            6.5             0.240         0.19            1.20      0.041   \n4896            5.5             0.290         0.30            1.10      0.022   \n4897            6.0             0.210         0.38            0.80      0.020   \n\n      free sulfur dioxide  total sulfur dioxide  density    pH  sulphates  \\\n0                    11.0                  34.0  0.99780  3.51       0.56   \n1                    25.0                  67.0  0.99680  3.20       0.68   \n2                    15.0                  54.0  0.99700  3.26       0.65   \n3                    17.0                  60.0  0.99800  3.16       0.58   \n4                    11.0                  34.0  0.99780  3.51       0.56   \n5                    13.0                  40.0  0.99780  3.51       0.56   \n6                    15.0                  59.0  0.99640  3.30       0.46   \n7                    15.0                  21.0  0.99460  3.39       0.47   \n8                     9.0                  18.0  0.99680  3.36       0.57   \n9                    17.0                 102.0  0.99780  3.35       0.80   \n300                  20.0                  44.0  0.99650  3.38       0.59   \n301                   7.0                  15.0  0.99730  3.22       0.64   \n302                  12.0                  28.0  0.99940  3.51       0.72   \n303                   5.0                  21.0  0.99600  3.39       0.54   \n304                  12.0                  90.0  0.99730  3.20       0.52   \n305                   6.0                  25.0  0.99980  3.12       0.59   \n306                   7.0                  54.0  0.99660  3.36       0.52   \n307                   6.0                  14.0  0.99940  3.19       0.62   \n308                   5.0                  12.0  0.99940  3.19       0.63   \n309                   9.0                  30.0  0.99680  3.41       0.53   \n4888                 38.0                 127.0  0.99330  3.04       0.54   \n4889                 34.0                 118.0  0.99540  3.07       0.50   \n4890                 25.0                 100.0  0.98938  3.06       0.44   \n4891                 38.0                 121.0  0.99074  3.24       0.46   \n4892                 29.0                 112.0  0.99298  3.29       0.54   \n4893                 24.0                  92.0  0.99114  3.27       0.50   \n4894                 57.0                 168.0  0.99490  3.15       0.46   \n4895                 30.0                 111.0  0.99254  2.99       0.46   \n4896                 20.0                 110.0  0.98869  3.34       0.38   \n4897                 22.0                  98.0  0.98941  3.26       0.32   \n\n      alcohol  quality  \n0         9.4        5  \n1         9.8        5  \n2         9.8        5  \n3         9.8        6  \n4         9.4        5  \n5         9.4        5  \n6         9.4        5  \n7        10.0        7  \n8         9.5        7  \n9        10.5        5  \n300      10.7        6  \n301      10.1        6  \n302      10.0        5  \n303       9.5        5  \n304       9.2        5  \n305       9.3        6  \n306       9.4        5  \n307       9.5        6  \n308       9.5        6  \n309       9.5        6  \n4888      9.2        5  \n4889      9.4        6  \n4890     11.8        6  \n4891     10.6        6  \n4892      9.7        5  \n4893     11.2        6  \n4894      9.6        5  \n4895      9.4        6  \n4896     12.8        7  \n4897     11.8        6  ",
      "text/html": "<div>\n<style scoped>\n    .dataframe tbody tr th:only-of-type {\n        vertical-align: middle;\n    }\n\n    .dataframe tbody tr th {\n        vertical-align: top;\n    }\n\n    .dataframe thead th {\n        text-align: right;\n    }\n</style>\n<table border=\"1\" class=\"dataframe\">\n  <thead>\n    <tr style=\"text-align: right;\">\n      <th></th>\n      <th>fixed acidity</th>\n      <th>volatile acidity</th>\n      <th>citric acid</th>\n      <th>residual sugar</th>\n      <th>chlorides</th>\n      <th>free sulfur dioxide</th>\n      <th>total sulfur dioxide</th>\n      <th>density</th>\n      <th>pH</th>\n      <th>sulphates</th>\n      <th>alcohol</th>\n      <th>quality</th>\n    </tr>\n  </thead>\n  <tbody>\n    <tr>\n      <td>0</td>\n      <td>7.4</td>\n      <td>0.700</td>\n      <td>0.00</td>\n      <td>1.90</td>\n      <td>0.076</td>\n      <td>11.0</td>\n      <td>34.0</td>\n      <td>0.99780</td>\n      <td>3.51</td>\n      <td>0.56</td>\n      <td>9.4</td>\n      <td>5</td>\n    </tr>\n    <tr>\n      <td>1</td>\n      <td>7.8</td>\n      <td>0.880</td>\n      <td>0.00</td>\n      <td>2.60</td>\n      <td>0.098</td>\n      <td>25.0</td>\n      <td>67.0</td>\n      <td>0.99680</td>\n      <td>3.20</td>\n      <td>0.68</td>\n      <td>9.8</td>\n      <td>5</td>\n    </tr>\n    <tr>\n      <td>2</td>\n      <td>7.8</td>\n      <td>0.760</td>\n      <td>0.04</td>\n      <td>2.30</td>\n      <td>0.092</td>\n      <td>15.0</td>\n      <td>54.0</td>\n      <td>0.99700</td>\n      <td>3.26</td>\n      <td>0.65</td>\n      <td>9.8</td>\n      <td>5</td>\n    </tr>\n    <tr>\n      <td>3</td>\n      <td>11.2</td>\n      <td>0.280</td>\n      <td>0.56</td>\n      <td>1.90</td>\n      <td>0.075</td>\n      <td>17.0</td>\n      <td>60.0</td>\n      <td>0.99800</td>\n      <td>3.16</td>\n      <td>0.58</td>\n      <td>9.8</td>\n      <td>6</td>\n    </tr>\n    <tr>\n      <td>4</td>\n      <td>7.4</td>\n      <td>0.700</td>\n      <td>0.00</td>\n      <td>1.90</td>\n      <td>0.076</td>\n      <td>11.0</td>\n      <td>34.0</td>\n      <td>0.99780</td>\n      <td>3.51</td>\n      <td>0.56</td>\n      <td>9.4</td>\n      <td>5</td>\n    </tr>\n    <tr>\n      <td>5</td>\n      <td>7.4</td>\n      <td>0.660</td>\n      <td>0.00</td>\n      <td>1.80</td>\n      <td>0.075</td>\n      <td>13.0</td>\n      <td>40.0</td>\n      <td>0.99780</td>\n      <td>3.51</td>\n      <td>0.56</td>\n      <td>9.4</td>\n      <td>5</td>\n    </tr>\n    <tr>\n      <td>6</td>\n      <td>7.9</td>\n      <td>0.600</td>\n      <td>0.06</td>\n      <td>1.60</td>\n      <td>0.069</td>\n      <td>15.0</td>\n      <td>59.0</td>\n      <td>0.99640</td>\n      <td>3.30</td>\n      <td>0.46</td>\n      <td>9.4</td>\n      <td>5</td>\n    </tr>\n    <tr>\n      <td>7</td>\n      <td>7.3</td>\n      <td>0.650</td>\n      <td>0.00</td>\n      <td>1.20</td>\n      <td>0.065</td>\n      <td>15.0</td>\n      <td>21.0</td>\n      <td>0.99460</td>\n      <td>3.39</td>\n      <td>0.47</td>\n      <td>10.0</td>\n      <td>7</td>\n    </tr>\n    <tr>\n      <td>8</td>\n      <td>7.8</td>\n      <td>0.580</td>\n      <td>0.02</td>\n      <td>2.00</td>\n      <td>0.073</td>\n      <td>9.0</td>\n      <td>18.0</td>\n      <td>0.99680</td>\n      <td>3.36</td>\n      <td>0.57</td>\n      <td>9.5</td>\n      <td>7</td>\n    </tr>\n    <tr>\n      <td>9</td>\n      <td>7.5</td>\n      <td>0.500</td>\n      <td>0.36</td>\n      <td>6.10</td>\n      <td>0.071</td>\n      <td>17.0</td>\n      <td>102.0</td>\n      <td>0.99780</td>\n      <td>3.35</td>\n      <td>0.80</td>\n      <td>10.5</td>\n      <td>5</td>\n    </tr>\n    <tr>\n      <td>300</td>\n      <td>7.5</td>\n      <td>0.530</td>\n      <td>0.06</td>\n      <td>2.60</td>\n      <td>0.086</td>\n      <td>20.0</td>\n      <td>44.0</td>\n      <td>0.99650</td>\n      <td>3.38</td>\n      <td>0.59</td>\n      <td>10.7</td>\n      <td>6</td>\n    </tr>\n    <tr>\n      <td>301</td>\n      <td>11.1</td>\n      <td>0.180</td>\n      <td>0.48</td>\n      <td>1.50</td>\n      <td>0.068</td>\n      <td>7.0</td>\n      <td>15.0</td>\n      <td>0.99730</td>\n      <td>3.22</td>\n      <td>0.64</td>\n      <td>10.1</td>\n      <td>6</td>\n    </tr>\n    <tr>\n      <td>302</td>\n      <td>8.3</td>\n      <td>0.705</td>\n      <td>0.12</td>\n      <td>2.60</td>\n      <td>0.092</td>\n      <td>12.0</td>\n      <td>28.0</td>\n      <td>0.99940</td>\n      <td>3.51</td>\n      <td>0.72</td>\n      <td>10.0</td>\n      <td>5</td>\n    </tr>\n    <tr>\n      <td>303</td>\n      <td>7.4</td>\n      <td>0.670</td>\n      <td>0.12</td>\n      <td>1.60</td>\n      <td>0.186</td>\n      <td>5.0</td>\n      <td>21.0</td>\n      <td>0.99600</td>\n      <td>3.39</td>\n      <td>0.54</td>\n      <td>9.5</td>\n      <td>5</td>\n    </tr>\n    <tr>\n      <td>304</td>\n      <td>8.4</td>\n      <td>0.650</td>\n      <td>0.60</td>\n      <td>2.10</td>\n      <td>0.112</td>\n      <td>12.0</td>\n      <td>90.0</td>\n      <td>0.99730</td>\n      <td>3.20</td>\n      <td>0.52</td>\n      <td>9.2</td>\n      <td>5</td>\n    </tr>\n    <tr>\n      <td>305</td>\n      <td>10.3</td>\n      <td>0.530</td>\n      <td>0.48</td>\n      <td>2.50</td>\n      <td>0.063</td>\n      <td>6.0</td>\n      <td>25.0</td>\n      <td>0.99980</td>\n      <td>3.12</td>\n      <td>0.59</td>\n      <td>9.3</td>\n      <td>6</td>\n    </tr>\n    <tr>\n      <td>306</td>\n      <td>7.6</td>\n      <td>0.620</td>\n      <td>0.32</td>\n      <td>2.20</td>\n      <td>0.082</td>\n      <td>7.0</td>\n      <td>54.0</td>\n      <td>0.99660</td>\n      <td>3.36</td>\n      <td>0.52</td>\n      <td>9.4</td>\n      <td>5</td>\n    </tr>\n    <tr>\n      <td>307</td>\n      <td>10.3</td>\n      <td>0.410</td>\n      <td>0.42</td>\n      <td>2.40</td>\n      <td>0.213</td>\n      <td>6.0</td>\n      <td>14.0</td>\n      <td>0.99940</td>\n      <td>3.19</td>\n      <td>0.62</td>\n      <td>9.5</td>\n      <td>6</td>\n    </tr>\n    <tr>\n      <td>308</td>\n      <td>10.3</td>\n      <td>0.430</td>\n      <td>0.44</td>\n      <td>2.40</td>\n      <td>0.214</td>\n      <td>5.0</td>\n      <td>12.0</td>\n      <td>0.99940</td>\n      <td>3.19</td>\n      <td>0.63</td>\n      <td>9.5</td>\n      <td>6</td>\n    </tr>\n    <tr>\n      <td>309</td>\n      <td>7.4</td>\n      <td>0.290</td>\n      <td>0.38</td>\n      <td>1.70</td>\n      <td>0.062</td>\n      <td>9.0</td>\n      <td>30.0</td>\n      <td>0.99680</td>\n      <td>3.41</td>\n      <td>0.53</td>\n      <td>9.5</td>\n      <td>6</td>\n    </tr>\n    <tr>\n      <td>4888</td>\n      <td>6.8</td>\n      <td>0.220</td>\n      <td>0.36</td>\n      <td>1.20</td>\n      <td>0.052</td>\n      <td>38.0</td>\n      <td>127.0</td>\n      <td>0.99330</td>\n      <td>3.04</td>\n      <td>0.54</td>\n      <td>9.2</td>\n      <td>5</td>\n    </tr>\n    <tr>\n      <td>4889</td>\n      <td>4.9</td>\n      <td>0.235</td>\n      <td>0.27</td>\n      <td>11.75</td>\n      <td>0.030</td>\n      <td>34.0</td>\n      <td>118.0</td>\n      <td>0.99540</td>\n      <td>3.07</td>\n      <td>0.50</td>\n      <td>9.4</td>\n      <td>6</td>\n    </tr>\n    <tr>\n      <td>4890</td>\n      <td>6.1</td>\n      <td>0.340</td>\n      <td>0.29</td>\n      <td>2.20</td>\n      <td>0.036</td>\n      <td>25.0</td>\n      <td>100.0</td>\n      <td>0.98938</td>\n      <td>3.06</td>\n      <td>0.44</td>\n      <td>11.8</td>\n      <td>6</td>\n    </tr>\n    <tr>\n      <td>4891</td>\n      <td>5.7</td>\n      <td>0.210</td>\n      <td>0.32</td>\n      <td>0.90</td>\n      <td>0.038</td>\n      <td>38.0</td>\n      <td>121.0</td>\n      <td>0.99074</td>\n      <td>3.24</td>\n      <td>0.46</td>\n      <td>10.6</td>\n      <td>6</td>\n    </tr>\n    <tr>\n      <td>4892</td>\n      <td>6.5</td>\n      <td>0.230</td>\n      <td>0.38</td>\n      <td>1.30</td>\n      <td>0.032</td>\n      <td>29.0</td>\n      <td>112.0</td>\n      <td>0.99298</td>\n      <td>3.29</td>\n      <td>0.54</td>\n      <td>9.7</td>\n      <td>5</td>\n    </tr>\n    <tr>\n      <td>4893</td>\n      <td>6.2</td>\n      <td>0.210</td>\n      <td>0.29</td>\n      <td>1.60</td>\n      <td>0.039</td>\n      <td>24.0</td>\n      <td>92.0</td>\n      <td>0.99114</td>\n      <td>3.27</td>\n      <td>0.50</td>\n      <td>11.2</td>\n      <td>6</td>\n    </tr>\n    <tr>\n      <td>4894</td>\n      <td>6.6</td>\n      <td>0.320</td>\n      <td>0.36</td>\n      <td>8.00</td>\n      <td>0.047</td>\n      <td>57.0</td>\n      <td>168.0</td>\n      <td>0.99490</td>\n      <td>3.15</td>\n      <td>0.46</td>\n      <td>9.6</td>\n      <td>5</td>\n    </tr>\n    <tr>\n      <td>4895</td>\n      <td>6.5</td>\n      <td>0.240</td>\n      <td>0.19</td>\n      <td>1.20</td>\n      <td>0.041</td>\n      <td>30.0</td>\n      <td>111.0</td>\n      <td>0.99254</td>\n      <td>2.99</td>\n      <td>0.46</td>\n      <td>9.4</td>\n      <td>6</td>\n    </tr>\n    <tr>\n      <td>4896</td>\n      <td>5.5</td>\n      <td>0.290</td>\n      <td>0.30</td>\n      <td>1.10</td>\n      <td>0.022</td>\n      <td>20.0</td>\n      <td>110.0</td>\n      <td>0.98869</td>\n      <td>3.34</td>\n      <td>0.38</td>\n      <td>12.8</td>\n      <td>7</td>\n    </tr>\n    <tr>\n      <td>4897</td>\n      <td>6.0</td>\n      <td>0.210</td>\n      <td>0.38</td>\n      <td>0.80</td>\n      <td>0.020</td>\n      <td>22.0</td>\n      <td>98.0</td>\n      <td>0.98941</td>\n      <td>3.26</td>\n      <td>0.32</td>\n      <td>11.8</td>\n      <td>6</td>\n    </tr>\n  </tbody>\n</table>\n</div>"
     },
     "metadata": {},
     "execution_count": 13
    }
   ],
   "source": [
    "wine_scramble = pd.concat([data1, data2, data3], axis=0)\n",
    "wine_scramble"
   ]
  },
  {
   "cell_type": "code",
   "execution_count": 14,
   "metadata": {},
   "outputs": [
    {
     "output_type": "execute_result",
     "data": {
      "text/plain": "      fixed acidity  volatile acidity  citric acid  residual sugar  chlorides  \\\n300             7.5             0.530         0.06            2.60      0.086   \n301            11.1             0.180         0.48            1.50      0.068   \n302             8.3             0.705         0.12            2.60      0.092   \n303             7.4             0.670         0.12            1.60      0.186   \n304             8.4             0.650         0.60            2.10      0.112   \n305            10.3             0.530         0.48            2.50      0.063   \n306             7.6             0.620         0.32            2.20      0.082   \n307            10.3             0.410         0.42            2.40      0.213   \n308            10.3             0.430         0.44            2.40      0.214   \n309             7.4             0.290         0.38            1.70      0.062   \n4888            6.8             0.220         0.36            1.20      0.052   \n4889            4.9             0.235         0.27           11.75      0.030   \n4890            6.1             0.340         0.29            2.20      0.036   \n4891            5.7             0.210         0.32            0.90      0.038   \n4892            6.5             0.230         0.38            1.30      0.032   \n4893            6.2             0.210         0.29            1.60      0.039   \n4894            6.6             0.320         0.36            8.00      0.047   \n4895            6.5             0.240         0.19            1.20      0.041   \n4896            5.5             0.290         0.30            1.10      0.022   \n4897            6.0             0.210         0.38            0.80      0.020   \n0               7.4             0.700         0.00            1.90      0.076   \n1               7.8             0.880         0.00            2.60      0.098   \n2               7.8             0.760         0.04            2.30      0.092   \n3              11.2             0.280         0.56            1.90      0.075   \n4               7.4             0.700         0.00            1.90      0.076   \n5               7.4             0.660         0.00            1.80      0.075   \n6               7.9             0.600         0.06            1.60      0.069   \n7               7.3             0.650         0.00            1.20      0.065   \n8               7.8             0.580         0.02            2.00      0.073   \n9               7.5             0.500         0.36            6.10      0.071   \n\n      free sulfur dioxide  total sulfur dioxide  density    pH  sulphates  \\\n300                  20.0                  44.0  0.99650  3.38       0.59   \n301                   7.0                  15.0  0.99730  3.22       0.64   \n302                  12.0                  28.0  0.99940  3.51       0.72   \n303                   5.0                  21.0  0.99600  3.39       0.54   \n304                  12.0                  90.0  0.99730  3.20       0.52   \n305                   6.0                  25.0  0.99980  3.12       0.59   \n306                   7.0                  54.0  0.99660  3.36       0.52   \n307                   6.0                  14.0  0.99940  3.19       0.62   \n308                   5.0                  12.0  0.99940  3.19       0.63   \n309                   9.0                  30.0  0.99680  3.41       0.53   \n4888                 38.0                 127.0  0.99330  3.04       0.54   \n4889                 34.0                 118.0  0.99540  3.07       0.50   \n4890                 25.0                 100.0  0.98938  3.06       0.44   \n4891                 38.0                 121.0  0.99074  3.24       0.46   \n4892                 29.0                 112.0  0.99298  3.29       0.54   \n4893                 24.0                  92.0  0.99114  3.27       0.50   \n4894                 57.0                 168.0  0.99490  3.15       0.46   \n4895                 30.0                 111.0  0.99254  2.99       0.46   \n4896                 20.0                 110.0  0.98869  3.34       0.38   \n4897                 22.0                  98.0  0.98941  3.26       0.32   \n0                    11.0                  34.0  0.99780  3.51       0.56   \n1                    25.0                  67.0  0.99680  3.20       0.68   \n2                    15.0                  54.0  0.99700  3.26       0.65   \n3                    17.0                  60.0  0.99800  3.16       0.58   \n4                    11.0                  34.0  0.99780  3.51       0.56   \n5                    13.0                  40.0  0.99780  3.51       0.56   \n6                    15.0                  59.0  0.99640  3.30       0.46   \n7                    15.0                  21.0  0.99460  3.39       0.47   \n8                     9.0                  18.0  0.99680  3.36       0.57   \n9                    17.0                 102.0  0.99780  3.35       0.80   \n\n      alcohol  quality  \n300      10.7        6  \n301      10.1        6  \n302      10.0        5  \n303       9.5        5  \n304       9.2        5  \n305       9.3        6  \n306       9.4        5  \n307       9.5        6  \n308       9.5        6  \n309       9.5        6  \n4888      9.2        5  \n4889      9.4        6  \n4890     11.8        6  \n4891     10.6        6  \n4892      9.7        5  \n4893     11.2        6  \n4894      9.6        5  \n4895      9.4        6  \n4896     12.8        7  \n4897     11.8        6  \n0         9.4        5  \n1         9.8        5  \n2         9.8        5  \n3         9.8        6  \n4         9.4        5  \n5         9.4        5  \n6         9.4        5  \n7        10.0        7  \n8         9.5        7  \n9        10.5        5  ",
